# FundFlow Smart Contract Addresses
FUNDFLOWCORE_ADDRESS=00000000000000000000000000000000006411e2
CAMPAIGNMANAGER_ADDRESS=00000000000000000000000000000000006411e5
INVESTMENTMANAGER_ADDRESS=0000000000000000000000000000000000641223
MILESTONEMANAGER_ADDRESS=0000000000000000000000000000000000641225
ANALYTICSMANAGER_ADDRESS=0000000000000000000000000000000000641228
GOVERNANCEMANAGER_ADDRESS=000000000000000000000000000000000064122b

# Contract IDs (for Hedera SDK calls)
FUNDFLOWCORE_ID=0.0.6558178
CAMPAIGNMANAGER_ID=0.0.6558181
INVESTMENTMANAGER_ID=0.0.6558243
MILESTONEMANAGER_ID=0.0.6558245
ANALYTICSMANAGER_ID=0.0.6558248
GOVERNANCEMANAGER_ID=0.0.6558251